teban31
Mcdonalds 05,31,2001 1030
Shakeys 07,20,2002 1705
Jollibee 09,21,2003 0530
WAKANDA 09,09,2020 2049
MCDO119 09,12,2020 1042
CHINATOWN456 09,12,2020 1042
WAKANDA4EVA 09,12,2020 1104
WonderWall 09,12,2020 2142

maxson
burgerking 01,01,2007 1405
dairyqueen 10,22,2008 0605
siocha 02,14,2009 1205
mrube 10,22,2010 1325
hoho 09,09,2020 2055
lmaoxdthiscodetho 09,09,2020 2055
SteelTowers 09,12,2020 1106

jared
TAFT 09,12,2020 1111
asdasdasd 09,12,2020 1112

martin
BAMBANG 09,12,2020 1112
ETLOG 09,12,2020 1112
SAUSAGE 09,12,2020 1112
tan 09,12,2020 1123

asdasd1
SEVEN 09,12,2020 1208

